var result, index;
procedure fac;
begin
        if index > 0
        then
        begin
                result := result * index;
                index := (index-1);
                call fac;
        end
        else write result;
end;
begin
        result:=1;
        read index;
        call fac;
end.

CODE:  000 - (JMP) 7 0 0 20
CODE:  001 - (JMP) 7 0 0 2
CODE:  002 - (INC) 6 0 0 4
CODE:  003 - (LOD) 3 0 1 5
CODE:  004 - (LIT) 1 1 0 0
CODE:  005 - (GTR) 23 0 0 1
CODE:  006 - (JPC) 8 0 0 17
CODE:  007 - (LOD) 3 0 1 4
CODE:  008 - (LOD) 3 1 1 5
CODE:  009 - (MUL) 15 0 0 1
CODE:  010 - (STO) 4 0 1 4
CODE:  011 - (LOD) 3 0 1 5
CODE:  012 - (LIT) 1 1 0 1
CODE:  013 - (SUB) 14 0 0 1
CODE:  014 - (STO) 4 0 1 5
CODE:  015 - (CAL) 5 0 1 1
CODE:  016 - (JMP) 7 0 0 19
CODE:  017 - (LOD) 3 0 1 4
CODE:  018 - (SIO) 9 0 0 1
CODE:  019 - (RTN) 2 0 0 0
CODE:  020 - (INC) 6 0 0 6
CODE:  021 - (LIT) 1 0 0 1
CODE:  022 - (STO) 4 0 0 4
CODE:  023 - (SIO) 10 0 0 2
CODE:  024 - (STO) 4 0 0 5
CODE:  025 - (CAL) 5 0 0 1
CODE:  026 - (RTN) 2 0 0 0
CODE:  027 - (SIO) 11 0 0 3

Initial Values                          pc      bp      sp
0        JMP     0       0       20      20      1       0      0
20       INC     0       0       6       21      1       6      0 0 0 0 0 0 0
21       LIT     0       0       1       22      1       6      0 0 0 0 0 0 0
22       STO     0       0       4       23      1       6      0 0 0 0 0 1 0
7
23       SIO     0       0       2       24      1       6      0 0 0 0 0 1 0
24       STO     0       0       5       25      1       6      0 0 0 0 0 1 7
25       CAL     0       0       1       1       7       6      0 0 0 0 0 1 7
1        JMP     0       0       2       2       7       6      0 0 0 0 0 1 7
2        INC     0       0       4       3       7       10     0 0 0 0 0 1 7 | 0 1 1 26
3        LOD     0       1       5       4       7       10     0 0 0 0 0 1 7 | 0 1 1 26
4        LIT     1       0       0       5       7       10     0 0 0 0 0 1 7 | 0 1 1 26
5        GTR     0       0       1       6       7       10     0 0 0 0 0 1 7 | 0 1 1 26
6        JPC     0       0       17      7       7       10     0 0 0 0 0 1 7 | 0 1 1 26
7        LOD     0       1       4       8       7       10     0 0 0 0 0 1 7 | 0 1 1 26
8        LOD     1       1       5       9       7       10     0 0 0 0 0 1 7 | 0 1 1 26
9        MUL     0       0       1       10      7       10     0 0 0 0 0 1 7 | 0 1 1 26
10       STO     0       1       4       11      7       10     0 0 0 0 0 7 7 | 0 1 1 26
11       LOD     0       1       5       12      7       10     0 0 0 0 0 7 7 | 0 1 1 26
12       LIT     1       0       1       13      7       10     0 0 0 0 0 7 7 | 0 1 1 26
13       SUB     0       0       1       14      7       10     0 0 0 0 0 7 7 | 0 1 1 26
14       STO     0       1       5       15      7       10     0 0 0 0 0 7 6 | 0 1 1 26
15       CAL     0       1       1       1       11      10     0 0 0 0 0 7 6 | 0 1 1 26
1        JMP     0       0       2       2       11      10     0 0 0 0 0 7 6 | 0 1 1 26
2        INC     0       0       4       3       11      14     0 0 0 0 0 7 6 | 0 1 1 26 | 0 1 7 16
3        LOD     0       1       5       4       11      14     0 0 0 0 0 7 6 | 0 1 1 26 | 0 1 7 16
4        LIT     1       0       0       5       11      14     0 0 0 0 0 7 6 | 0 1 1 26 | 0 1 7 16
5        GTR     0       0       1       6       11      14     0 0 0 0 0 7 6 | 0 1 1 26 | 0 1 7 16
6        JPC     0       0       17      7       11      14     0 0 0 0 0 7 6 | 0 1 1 26 | 0 1 7 16
7        LOD     0       1       4       8       11      14     0 0 0 0 0 7 6 | 0 1 1 26 | 0 1 7 16
8        LOD     1       1       5       9       11      14     0 0 0 0 0 7 6 | 0 1 1 26 | 0 1 7 16
9        MUL     0       0       1       10      11      14     0 0 0 0 0 7 6 | 0 1 1 26 | 0 1 7 16
10       STO     0       1       4       11      11      14     0 0 0 0 0 42 6 | 0 1 1 26 | 0 1 7 16
11       LOD     0       1       5       12      11      14     0 0 0 0 0 42 6 | 0 1 1 26 | 0 1 7 16
12       LIT     1       0       1       13      11      14     0 0 0 0 0 42 6 | 0 1 1 26 | 0 1 7 16
13       SUB     0       0       1       14      11      14     0 0 0 0 0 42 6 | 0 1 1 26 | 0 1 7 16
14       STO     0       1       5       15      11      14     0 0 0 0 0 42 5 | 0 1 1 26 | 0 1 7 16
15       CAL     0       1       1       1       15      14     0 0 0 0 0 42 5 | 0 1 1 26 | 0 1 7 16
1        JMP     0       0       2       2       15      14     0 0 0 0 0 42 5 | 0 1 1 26 | 0 1 7 16
2        INC     0       0       4       3       15      18     0 0 0 0 0 42 5 | 0 1 1 26 | 0 1 7 16 | 0 1 11 16
3        LOD     0       1       5       4       15      18     0 0 0 0 0 42 5 | 0 1 1 26 | 0 1 7 16 | 0 1 11 16
4        LIT     1       0       0       5       15      18     0 0 0 0 0 42 5 | 0 1 1 26 | 0 1 7 16 | 0 1 11 16
5        GTR     0       0       1       6       15      18     0 0 0 0 0 42 5 | 0 1 1 26 | 0 1 7 16 | 0 1 11 16
6        JPC     0       0       17      7       15      18     0 0 0 0 0 42 5 | 0 1 1 26 | 0 1 7 16 | 0 1 11 16
7        LOD     0       1       4       8       15      18     0 0 0 0 0 42 5 | 0 1 1 26 | 0 1 7 16 | 0 1 11 16
8        LOD     1       1       5       9       15      18     0 0 0 0 0 42 5 | 0 1 1 26 | 0 1 7 16 | 0 1 11 16
9        MUL     0       0       1       10      15      18     0 0 0 0 0 42 5 | 0 1 1 26 | 0 1 7 16 | 0 1 11 16
10       STO     0       1       4       11      15      18     0 0 0 0 0 210 5 | 0 1 1 26 | 0 1 7 16 | 0 1 11 16
11       LOD     0       1       5       12      15      18     0 0 0 0 0 210 5 | 0 1 1 26 | 0 1 7 16 | 0 1 11 16
12       LIT     1       0       1       13      15      18     0 0 0 0 0 210 5 | 0 1 1 26 | 0 1 7 16 | 0 1 11 16
13       SUB     0       0       1       14      15      18     0 0 0 0 0 210 5 | 0 1 1 26 | 0 1 7 16 | 0 1 11 16
14       STO     0       1       5       15      15      18     0 0 0 0 0 210 4 | 0 1 1 26 | 0 1 7 16 | 0 1 11 16
15       CAL     0       1       1       1       19      18     0 0 0 0 0 210 4 | 0 1 1 26 | 0 1 7 16 | 0 1 11 16
1        JMP     0       0       2       2       19      18     0 0 0 0 0 210 4 | 0 1 1 26 | 0 1 7 16 | 0 1 11 16
2        INC     0       0       4       3       19      22     0 0 0 0 0 210 4 | 0 1 1 26 | 0 1 7 16 | 0 1 11 16 | 0 1 15 16
3        LOD     0       1       5       4       19      22     0 0 0 0 0 210 4 | 0 1 1 26 | 0 1 7 16 | 0 1 11 16 | 0 1 15 16
4        LIT     1       0       0       5       19      22     0 0 0 0 0 210 4 | 0 1 1 26 | 0 1 7 16 | 0 1 11 16 | 0 1 15 16
5        GTR     0       0       1       6       19      22     0 0 0 0 0 210 4 | 0 1 1 26 | 0 1 7 16 | 0 1 11 16 | 0 1 15 16
6        JPC     0       0       17      7       19      22     0 0 0 0 0 210 4 | 0 1 1 26 | 0 1 7 16 | 0 1 11 16 | 0 1 15 16
7        LOD     0       1       4       8       19      22     0 0 0 0 0 210 4 | 0 1 1 26 | 0 1 7 16 | 0 1 11 16 | 0 1 15 16
8        LOD     1       1       5       9       19      22     0 0 0 0 0 210 4 | 0 1 1 26 | 0 1 7 16 | 0 1 11 16 | 0 1 15 16
9        MUL     0       0       1       10      19      22     0 0 0 0 0 210 4 | 0 1 1 26 | 0 1 7 16 | 0 1 11 16 | 0 1 15 16
10       STO     0       1       4       11      19      22     0 0 0 0 0 840 4 | 0 1 1 26 | 0 1 7 16 | 0 1 11 16 | 0 1 15 16
11       LOD     0       1       5       12      19      22     0 0 0 0 0 840 4 | 0 1 1 26 | 0 1 7 16 | 0 1 11 16 | 0 1 15 16
12       LIT     1       0       1       13      19      22     0 0 0 0 0 840 4 | 0 1 1 26 | 0 1 7 16 | 0 1 11 16 | 0 1 15 16
13       SUB     0       0       1       14      19      22     0 0 0 0 0 840 4 | 0 1 1 26 | 0 1 7 16 | 0 1 11 16 | 0 1 15 16
14       STO     0       1       5       15      19      22     0 0 0 0 0 840 3 | 0 1 1 26 | 0 1 7 16 | 0 1 11 16 | 0 1 15 16
15       CAL     0       1       1       1       23      22     0 0 0 0 0 840 3 | 0 1 1 26 | 0 1 7 16 | 0 1 11 16 | 0 1 15 16
1        JMP     0       0       2       2       23      22     0 0 0 0 0 840 3 | 0 1 1 26 | 0 1 7 16 | 0 1 11 16 | 0 1 15 16
2        INC     0       0       4       3       23      26     0 0 0 0 0 840 3 | 0 1 1 26 | 0 1 7 16 | 0 1 11 16 | 0 1 15 16 | 0 1 19 16
3        LOD     0       1       5       4       23      26     0 0 0 0 0 840 3 | 0 1 1 26 | 0 1 7 16 | 0 1 11 16 | 0 1 15 16 | 0 1 19 16
4        LIT     1       0       0       5       23      26     0 0 0 0 0 840 3 | 0 1 1 26 | 0 1 7 16 | 0 1 11 16 | 0 1 15 16 | 0 1 19 16
5        GTR     0       0       1       6       23      26     0 0 0 0 0 840 3 | 0 1 1 26 | 0 1 7 16 | 0 1 11 16 | 0 1 15 16 | 0 1 19 16
6        JPC     0       0       17      7       23      26     0 0 0 0 0 840 3 | 0 1 1 26 | 0 1 7 16 | 0 1 11 16 | 0 1 15 16 | 0 1 19 16
7        LOD     0       1       4       8       23      26     0 0 0 0 0 840 3 | 0 1 1 26 | 0 1 7 16 | 0 1 11 16 | 0 1 15 16 | 0 1 19 16
8        LOD     1       1       5       9       23      26     0 0 0 0 0 840 3 | 0 1 1 26 | 0 1 7 16 | 0 1 11 16 | 0 1 15 16 | 0 1 19 16
9        MUL     0       0       1       10      23      26     0 0 0 0 0 840 3 | 0 1 1 26 | 0 1 7 16 | 0 1 11 16 | 0 1 15 16 | 0 1 19 16
10       STO     0       1       4       11      23      26     0 0 0 0 0 2520 3 | 0 1 1 26 | 0 1 7 16 | 0 1 11 16 | 0 1 15 16 | 0 1 19 16
11       LOD     0       1       5       12      23      26     0 0 0 0 0 2520 3 | 0 1 1 26 | 0 1 7 16 | 0 1 11 16 | 0 1 15 16 | 0 1 19 16
12       LIT     1       0       1       13      23      26     0 0 0 0 0 2520 3 | 0 1 1 26 | 0 1 7 16 | 0 1 11 16 | 0 1 15 16 | 0 1 19 16
13       SUB     0       0       1       14      23      26     0 0 0 0 0 2520 3 | 0 1 1 26 | 0 1 7 16 | 0 1 11 16 | 0 1 15 16 | 0 1 19 16
14       STO     0       1       5       15      23      26     0 0 0 0 0 2520 2 | 0 1 1 26 | 0 1 7 16 | 0 1 11 16 | 0 1 15 16 | 0 1 19 16
15       CAL     0       1       1       1       27      26     0 0 0 0 0 2520 2 | 0 1 1 26 | 0 1 7 16 | 0 1 11 16 | 0 1 15 16 | 0 1 19 16
1        JMP     0       0       2       2       27      26     0 0 0 0 0 2520 2 | 0 1 1 26 | 0 1 7 16 | 0 1 11 16 | 0 1 15 16 | 0 1 19 16
2        INC     0       0       4       3       27      30     0 0 0 0 0 2520 2 | 0 1 1 26 | 0 1 7 16 | 0 1 11 16 | 0 1 15 16 | 0 1 19 16 | 0 1 23 16
3        LOD     0       1       5       4       27      30     0 0 0 0 0 2520 2 | 0 1 1 26 | 0 1 7 16 | 0 1 11 16 | 0 1 15 16 | 0 1 19 16 | 0 1 23 16
4        LIT     1       0       0       5       27      30     0 0 0 0 0 2520 2 | 0 1 1 26 | 0 1 7 16 | 0 1 11 16 | 0 1 15 16 | 0 1 19 16 | 0 1 23 16
5        GTR     0       0       1       6       27      30     0 0 0 0 0 2520 2 | 0 1 1 26 | 0 1 7 16 | 0 1 11 16 | 0 1 15 16 | 0 1 19 16 | 0 1 23 16
6        JPC     0       0       17      7       27      30     0 0 0 0 0 2520 2 | 0 1 1 26 | 0 1 7 16 | 0 1 11 16 | 0 1 15 16 | 0 1 19 16 | 0 1 23 16
7        LOD     0       1       4       8       27      30     0 0 0 0 0 2520 2 | 0 1 1 26 | 0 1 7 16 | 0 1 11 16 | 0 1 15 16 | 0 1 19 16 | 0 1 23 16
8        LOD     1       1       5       9       27      30     0 0 0 0 0 2520 2 | 0 1 1 26 | 0 1 7 16 | 0 1 11 16 | 0 1 15 16 | 0 1 19 16 | 0 1 23 16
9        MUL     0       0       1       10      27      30     0 0 0 0 0 2520 2 | 0 1 1 26 | 0 1 7 16 | 0 1 11 16 | 0 1 15 16 | 0 1 19 16 | 0 1 23 16
10       STO     0       1       4       11      27      30     0 0 0 0 0 5040 2 | 0 1 1 26 | 0 1 7 16 | 0 1 11 16 | 0 1 15 16 | 0 1 19 16 | 0 1 23 16
11       LOD     0       1       5       12      27      30     0 0 0 0 0 5040 2 | 0 1 1 26 | 0 1 7 16 | 0 1 11 16 | 0 1 15 16 | 0 1 19 16 | 0 1 23 16
12       LIT     1       0       1       13      27      30     0 0 0 0 0 5040 2 | 0 1 1 26 | 0 1 7 16 | 0 1 11 16 | 0 1 15 16 | 0 1 19 16 | 0 1 23 16
13       SUB     0       0       1       14      27      30     0 0 0 0 0 5040 2 | 0 1 1 26 | 0 1 7 16 | 0 1 11 16 | 0 1 15 16 | 0 1 19 16 | 0 1 23 16
14       STO     0       1       5       15      27      30     0 0 0 0 0 5040 1 | 0 1 1 26 | 0 1 7 16 | 0 1 11 16 | 0 1 15 16 | 0 1 19 16 | 0 1 23 16
15       CAL     0       1       1       1       31      30     0 0 0 0 0 5040 1 | 0 1 1 26 | 0 1 7 16 | 0 1 11 16 | 0 1 15 16 | 0 1 19 16 | 0 1 23 16
1        JMP     0       0       2       2       31      30     0 0 0 0 0 5040 1 | 0 1 1 26 | 0 1 7 16 | 0 1 11 16 | 0 1 15 16 | 0 1 19 16 | 0 1 23 16
2        INC     0       0       4       3       31      34     0 0 0 0 0 5040 1 | 0 1 1 26 | 0 1 7 16 | 0 1 11 16 | 0 1 15 16 | 0 1 19 16 | 0 1 23 16 | 0 1 27 16
3        LOD     0       1       5       4       31      34     0 0 0 0 0 5040 1 | 0 1 1 26 | 0 1 7 16 | 0 1 11 16 | 0 1 15 16 | 0 1 19 16 | 0 1 23 16 | 0 1 27 16
4        LIT     1       0       0       5       31      34     0 0 0 0 0 5040 1 | 0 1 1 26 | 0 1 7 16 | 0 1 11 16 | 0 1 15 16 | 0 1 19 16 | 0 1 23 16 | 0 1 27 16
5        GTR     0       0       1       6       31      34     0 0 0 0 0 5040 1 | 0 1 1 26 | 0 1 7 16 | 0 1 11 16 | 0 1 15 16 | 0 1 19 16 | 0 1 23 16 | 0 1 27 16
6        JPC     0       0       17      7       31      34     0 0 0 0 0 5040 1 | 0 1 1 26 | 0 1 7 16 | 0 1 11 16 | 0 1 15 16 | 0 1 19 16 | 0 1 23 16 | 0 1 27 16
7        LOD     0       1       4       8       31      34     0 0 0 0 0 5040 1 | 0 1 1 26 | 0 1 7 16 | 0 1 11 16 | 0 1 15 16 | 0 1 19 16 | 0 1 23 16 | 0 1 27 16
8        LOD     1       1       5       9       31      34     0 0 0 0 0 5040 1 | 0 1 1 26 | 0 1 7 16 | 0 1 11 16 | 0 1 15 16 | 0 1 19 16 | 0 1 23 16 | 0 1 27 16
9        MUL     0       0       1       10      31      34     0 0 0 0 0 5040 1 | 0 1 1 26 | 0 1 7 16 | 0 1 11 16 | 0 1 15 16 | 0 1 19 16 | 0 1 23 16 | 0 1 27 16
10       STO     0       1       4       11      31      34     0 0 0 0 0 5040 1 | 0 1 1 26 | 0 1 7 16 | 0 1 11 16 | 0 1 15 16 | 0 1 19 16 | 0 1 23 16 | 0 1 27 16
11       LOD     0       1       5       12      31      34     0 0 0 0 0 5040 1 | 0 1 1 26 | 0 1 7 16 | 0 1 11 16 | 0 1 15 16 | 0 1 19 16 | 0 1 23 16 | 0 1 27 16
12       LIT     1       0       1       13      31      34     0 0 0 0 0 5040 1 | 0 1 1 26 | 0 1 7 16 | 0 1 11 16 | 0 1 15 16 | 0 1 19 16 | 0 1 23 16 | 0 1 27 16
13       SUB     0       0       1       14      31      34     0 0 0 0 0 5040 1 | 0 1 1 26 | 0 1 7 16 | 0 1 11 16 | 0 1 15 16 | 0 1 19 16 | 0 1 23 16 | 0 1 27 16
14       STO     0       1       5       15      31      34     0 0 0 0 0 5040 0 | 0 1 1 26 | 0 1 7 16 | 0 1 11 16 | 0 1 15 16 | 0 1 19 16 | 0 1 23 16 | 0 1 27 16
15       CAL     0       1       1       1       35      34     0 0 0 0 0 5040 0 | 0 1 1 26 | 0 1 7 16 | 0 1 11 16 | 0 1 15 16 | 0 1 19 16 | 0 1 23 16 | 0 1 27 16
1        JMP     0       0       2       2       35      34     0 0 0 0 0 5040 0 | 0 1 1 26 | 0 1 7 16 | 0 1 11 16 | 0 1 15 16 | 0 1 19 16 | 0 1 23 16 | 0 1 27 16
2        INC     0       0       4       3       35      38     0 0 0 0 0 5040 0 | 0 1 1 26 | 0 1 7 16 | 0 1 11 16 | 0 1 15 16 | 0 1 19 16 | 0 1 23 16 | 0 1 27 16 | 0 1 31 16
3        LOD     0       1       5       4       35      38     0 0 0 0 0 5040 0 | 0 1 1 26 | 0 1 7 16 | 0 1 11 16 | 0 1 15 16 | 0 1 19 16 | 0 1 23 16 | 0 1 27 16 | 0 1 31 16
4        LIT     1       0       0       5       35      38     0 0 0 0 0 5040 0 | 0 1 1 26 | 0 1 7 16 | 0 1 11 16 | 0 1 15 16 | 0 1 19 16 | 0 1 23 16 | 0 1 27 16 | 0 1 31 16
5        GTR     0       0       1       6       35      38     0 0 0 0 0 5040 0 | 0 1 1 26 | 0 1 7 16 | 0 1 11 16 | 0 1 15 16 | 0 1 19 16 | 0 1 23 16 | 0 1 27 16 | 0 1 31 16
6        JPC     0       0       17      17      35      38     0 0 0 0 0 5040 0 | 0 1 1 26 | 0 1 7 16 | 0 1 11 16 | 0 1 15 16 | 0 1 19 16 | 0 1 23 16 | 0 1 27 16 | 0 1 31 16
17       LOD     0       1       4       18      35      38     0 0 0 0 0 5040 0 | 0 1 1 26 | 0 1 7 16 | 0 1 11 16 | 0 1 15 16 | 0 1 19 16 | 0 1 23 16 | 0 1 27 16 | 0 1 31 16
5040
18       SIO     0       0       1       19      35      38     0 0 0 0 0 5040 0 | 0 1 1 26 | 0 1 7 16 | 0 1 11 16 | 0 1 15 16 | 0 1 19 16 | 0 1 23 16 | 0 1 27 16 | 0 1 31 16
19       RTN     0       0       0       16      31      34     0 0 0 0 0 5040 0 | 0 1 1 26 | 0 1 7 16 | 0 1 11 16 | 0 1 15 16 | 0 1 19 16 | 0 1 23 16 | 0 1 27 16
16       JMP     0       0       19      19      31      34     0 0 0 0 0 5040 0 | 0 1 1 26 | 0 1 7 16 | 0 1 11 16 | 0 1 15 16 | 0 1 19 16 | 0 1 23 16 | 0 1 27 16
19       RTN     0       0       0       16      27      30     0 0 0 0 0 5040 0 | 0 1 1 26 | 0 1 7 16 | 0 1 11 16 | 0 1 15 16 | 0 1 19 16 | 0 1 23 16
16       JMP     0       0       19      19      27      30     0 0 0 0 0 5040 0 | 0 1 1 26 | 0 1 7 16 | 0 1 11 16 | 0 1 15 16 | 0 1 19 16 | 0 1 23 16
19       RTN     0       0       0       16      23      26     0 0 0 0 0 5040 0 | 0 1 1 26 | 0 1 7 16 | 0 1 11 16 | 0 1 15 16 | 0 1 19 16
16       JMP     0       0       19      19      23      26     0 0 0 0 0 5040 0 | 0 1 1 26 | 0 1 7 16 | 0 1 11 16 | 0 1 15 16 | 0 1 19 16
19       RTN     0       0       0       16      19      22     0 0 0 0 0 5040 0 | 0 1 1 26 | 0 1 7 16 | 0 1 11 16 | 0 1 15 16
16       JMP     0       0       19      19      19      22     0 0 0 0 0 5040 0 | 0 1 1 26 | 0 1 7 16 | 0 1 11 16 | 0 1 15 16
19       RTN     0       0       0       16      15      18     0 0 0 0 0 5040 0 | 0 1 1 26 | 0 1 7 16 | 0 1 11 16
16       JMP     0       0       19      19      15      18     0 0 0 0 0 5040 0 | 0 1 1 26 | 0 1 7 16 | 0 1 11 16
19       RTN     0       0       0       16      11      14     0 0 0 0 0 5040 0 | 0 1 1 26 | 0 1 7 16
16       JMP     0       0       19      19      11      14     0 0 0 0 0 5040 0 | 0 1 1 26 | 0 1 7 16
19       RTN     0       0       0       16      7       10     0 0 0 0 0 5040 0 | 0 1 1 26
16       JMP     0       0       19      19      7       10     0 0 0 0 0 5040 0 | 0 1 1 26
19       RTN     0       0       0       26      1       6      0 0 0 0 0 5040 0
26       RTN     0       0       0       0       0       0      0
